[node 0]
type = model
name = landmarkEditHeadModel
parent = -1
matrixRow0 = 1 0 -0 0
matrixRow1 = 0 6.123233995736766e-017 1 0
matrixRow2 = 0 -1 6.123233995736766e-017 0
matrixRow3 = 0 0 -0 1
scale = 1 1 1
rotation = 1.570796370506287 0 0
position = 0 0 -0
meshcount = 1 
material0 = landmarkEditHeadMaterial
