// Created with FBXConvert.exe: Tue Mar 22 12:29:43 2016
[node 0]
type = model
name = Long_Hair
parent = -1
matrixRow0 = 1 0 -0 0
matrixRow1 = 0 6.123233995736766e-017 1 0
matrixRow2 = 0 -1 6.123233995736766e-017 0
matrixRow3 = 21.51029968261719 55.4140625 -2.422225634290953e-006 1
scale = 1 1 1
rotation = 1.570796370506287 0 0
position = 21.51029968261719 55.4140625 -2.422225634290953e-006
BoundingBoxCenter = -22.53285336494446 3.904596328735352 61.85902786254883 
BoundingBoxHalf = 17.04813647270203 15.86147880554199 24.81976699829102 
meshcount = 1
material0 = Long_Hair_DX11 NULL
